service_id,monday,tuesday,wednesday,thursday,friday,saturday,sunday,start_date,end_date
RESEAU2021-C40-Semaine-02-0001000-C40,0,0,0,1,0,0,0,20250911,20251218
RESEAU2021-K-L-Ma-J-V-01-K,1,1,0,1,1,0,0,20250908,20251219
PROJET2025-61-Semaine-25-61,1,1,1,1,1,0,0,20251020,20251231
PVS2025-26-64-Semaine-37-64,1,1,1,1,1,0,0,20251020,20251231
chouette:TimeTable:8f777243-eabc-44ee-9a01-578120528b03:LOC,0,0,0,0,0,1,0,20250908,20251018
chouette:TimeTable:39e90727-69b6-40e1-b78d-df47871d5601:LOC,0,1,1,1,1,1,0,20250908,20251018
RESEAU2023-41-Semaine-03-41,1,1,1,1,1,0,0,20251020,20251231
SETP2025-06-Samedi-01-06,0,0,0,0,0,1,0,20250908,20251227
PROJET2025-54-Samedi-12-54,0,0,0,0,0,1,0,20250908,20251227
PROJET2023-47-Samedi-10-47,0,0,0,0,0,1,0,20250908,20251227
SETP2025-15-Samedi-10-15,0,0,0,0,0,1,0,20250908,20250927
PROJET2025-41-Samedi-05-41,0,0,0,0,0,1,0,20250908,20251227
RESEAU2023-75-Samedi-77-75,0,0,0,0,0,1,0,20250908,20251227
SETP2025-L1-Samedi-46-L1,0,0,0,0,0,1,0,20250908,20251227
JANV2025-L2-Samedi-03-L2,0,0,0,0,0,1,0,20250908,20251227
SETP2025-05-Samedi-35-05,0,0,0,0,0,1,0,20250908,20251227
SETP2025-11-Samedi-35-11,0,0,0,0,0,1,0,20250908,20251227
SETP2025-10-Samedi-01-10,0,0,0,0,0,1,0,20250908,20251227
SETP2025-08-Samedi-05-08,0,0,0,0,0,1,0,20250908,20251227
SETP2025-07-Samedi-36-07,0,0,0,0,0,1,0,20250908,20251227
RESEAU2022-31-Samedi-01-31,0,0,0,0,0,1,0,20250908,20251227
RESEAU2023-44-Samedi-88-44,0,0,0,0,0,1,0,20250908,20250913
PROJET2025-22-Samedi-20-22,0,0,0,0,0,1,0,20250908,20251227
SETP2025-17-Samedi-36-17,0,0,0,0,0,1,0,20250908,20251227
SETP2025-18-Samedi-38-18,0,0,0,0,0,1,0,20250908,20251227
JANV2025-B-Samedi-03-B,0,0,0,0,0,1,0,20250908,20251227
PROJET2025-84-Samedi-04-84,0,0,0,0,0,1,0,20250908,20251227
SETP2025-36-Samedi-32-36,0,0,0,0,0,1,0,20250908,20251227
PROJET2025-76-Samedi-89-76,0,0,0,0,0,1,0,20250908,20251227
PROJET2025-63-Samedi-62-63,0,0,0,0,0,1,0,20250908,20250927
SETP2025-35-Samedi-36-35,0,0,0,0,0,1,0,20250908,20251227
SETP2025-70-Samedi-34-70,0,0,0,0,0,1,0,20250908,20251227
PROJET2024-82-Samedi-93-82,0,0,0,0,0,1,0,20250908,20250927
SETP2025-14-Samedi-36-14,0,0,0,0,0,1,0,20250908,20251227
SETP2025-12-Samedi-03-12,0,0,0,0,0,1,0,20250908,20251227
SETP2025-64-Samedi-36-64,0,0,0,0,0,1,0,20250908,20251227
SETP2025-57-Samedi-06-57,0,0,0,0,0,1,0,20250908,20251227
SETP2025-33-Samedi-33-33,0,0,0,0,0,1,0,20250908,20251227
JANV2025-L3-Samedi-03-L3,0,0,0,0,0,1,0,20250908,20251227
PROJET2025-50-Samedi-08-50,0,0,0,0,0,1,0,20250908,20251227
PROJET2023-69-Samedi-11-69,0,0,0,0,0,1,0,20250908,20251227
SETP2025-37-Samedi-34-37,0,0,0,0,0,1,0,20250908,20251227
RESEAU2023-88-Samedi-83-88,0,0,0,0,0,1,0,20250908,20251227
PROJET2024-NVence1-Samedi-15-NVN1,0,0,0,0,0,1,0,20250908,20251227
PROJET2024-72-Samedi-74-72,0,0,0,0,0,1,0,20250908,20251227
RESEAU2023-62-Samedi-10-62,0,0,0,0,0,1,0,20250908,20251227
SETP2025-20-Samedi-36-20,0,0,0,0,0,1,0,20250908,20251227
PROJET2025-19-Samedi-20-19,0,0,0,0,0,1,0,20250908,20251227
SETP2025-21-Samedi-35-21,0,0,0,0,0,1,0,20250908,20251227
PROJET2025-59-Samedi-63-59,0,0,0,0,0,1,0,20250908,20251227
SETP2025-30-Samedi-31-30,0,0,0,0,0,1,0,20250908,20251227
SETP2025-16-Samedi-33-16,0,0,0,0,0,1,0,20250908,20251227
PROJET2025-73-Samedi-16-73,0,0,0,0,0,1,0,20250908,20250927
PROJET2025-91-Samedi-27-91,0,0,0,0,0,1,0,20250908,20251227
PROJET2025-09-Samedi-35-09,0,0,0,0,0,1,0,20250908,20251227
SETP2025-81-Samedi-35-81,0,0,0,0,0,1,0,20250908,20251227
PROJET2025-51-Samedi-10-51,0,0,0,0,0,1,0,20250908,20251227
PROJET2025-61-Samedi-22-61,0,0,0,0,0,1,0,20250908,20251227
PROJET2025-71-Samedi-81-71,0,0,0,0,0,1,0,20250908,20251227
PROJET2025-NVence3-Samedi-12-NVN3,0,0,0,0,0,1,0,20250908,20251227
SETP2025-32-Samedi-34-32,0,0,0,0,0,1,0,20250908,20251227
RESEAU2023-83-Samedi-03-83,0,0,0,0,0,1,0,20250908,20250927
PROJET2025-60-Samedi-07-60,0,0,0,0,0,1,0,20250908,20251227
PROJET2025-34-Samedi-20-34,0,0,0,0,0,1,0,20250908,20251227
PROJET2025-52-Samedi-20-52,0,0,0,0,0,1,0,20250908,20251227
PROJET2025-42-Samedi-08-42,0,0,0,0,0,1,0,20250908,20251227
SETP2025-99-Samedi-11-99,0,0,0,0,0,1,0,20250908,20251227
PROJET2025-90-Samedi-21-90,0,0,0,0,0,1,0,20250908,20251227
PROJET2025-NVGOR-Samedi-02-NGOR,0,0,0,0,0,1,0,20250908,20250920
SETP2025-38-Samedi-39-38,0,0,0,0,0,1,0,20250908,20251227
RESEAU2023-80-Samedi-03-80,0,0,0,0,0,1,0,20250908,20251227
SETP2025-98-Samedi-06-98,0,0,0,0,0,1,0,20250908,20251227
PROJET2025-LIsola-Samedi-14-LIso,0,0,0,0,0,1,0,20250908,20250913
PROJET2025-94-Samedi-07-94,0,0,0,0,0,1,0,20250908,20251025
PROJET2023-NavVDB-Samedi-02-NVDB,0,0,0,0,0,1,0,20250908,20250927
PROJET2024-NVence2-Samedi-12-NVN2,0,0,0,0,0,1,0,20250908,20251227
PROJET2023-Nav MAEG-Samedi-02-NVMA,0,0,0,0,0,1,0,20250908,20250927
PROJET2025-55-Samedi-09-55,0,0,0,0,0,1,0,20250908,20251227
RESEAU2022-39-Samedi-03-39,0,0,0,0,0,1,0,20250908,20251227
PROJET2025-NVBOR-Samedi-01-NBOR,0,0,0,0,0,1,0,20250908,20250920
RESEAU2021-C45-Samedi-03-C45,0,0,0,0,0,1,0,20250908,20251227
RESEAU2023-93-Samedi-02-93,0,0,0,0,0,1,0,20250908,20251129
PROJET2025-92-Samedi-22-92,0,0,0,0,0,1,0,20250908,20251129
PVS2025-26-57-Semaine-07-57,1,1,1,1,1,0,0,20251020,20251231
PROJET2025-19-Semaine-22-19,1,1,1,1,1,0,0,20251020,20251231
RESEAU2023-93-Semaine-03-0100000-93,0,1,0,0,0,0,0,20250909,20251125
RESEAU2021-C44-Semaine-02-0100000-C44,0,1,0,0,0,0,0,20250909,20251230
SETP2025-08-Semaine-07-08,1,1,1,1,1,0,0,20250908,20251017
PVS2025-26-06-Semaine-01-06,1,1,1,1,1,0,0,20251020,20251031
PVS2025-26-10-Semaine-01-10,1,1,1,1,1,0,0,20251020,20251031
PVS2025-26-14-Semaine-37-14,1,1,1,1,1,0,0,20251020,20251231
SETP2025-06-Semaine-01-06,1,1,1,1,1,0,0,20250908,20251231
chouette:TimeTable:a6095ba5-1740-4d1c-b24f-247fbb25835f:LOC,0,1,1,1,1,1,0,20250909,20251231
chouette:TimeTable:b5f3acd9-f5c1-482a-b7b7-d6d9ff3d4528:LOC,1,0,0,0,0,0,0,20250908,20251229
chouette:TimeTable:71814b3a-add5-4764-b4ee-313220add712:LOC,0,1,1,1,1,1,0,20251021,20251101
PROJET2025-54-Semaine-17-54,1,1,1,1,1,0,0,20250908,20251231
PROJET2025-31-Semaine-08-31,1,1,1,1,1,0,0,20250908,20251231
SETP2025-15-Samedi-40-15,0,0,0,0,0,1,0,20251004,20251227
PROJET2023-47-Semaine-11-47,1,1,1,1,1,0,0,20250910,20251231
JANV2025-L2-Semaine-10-L2,1,1,1,1,1,0,0,20250912,20251226
PROJET2024-75-Mercredi-87-75,0,0,1,0,0,0,0,20250910,20251217
RESEAU2023-44-Samedi-89-44,0,0,0,0,0,1,0,20250920,20251227
PROJET2025-41-Semaine-05-41,1,1,1,1,1,0,0,20250908,20251219
PROJET2023-47-Semaine-10-47,1,1,1,1,1,0,0,20250908,20251219
SETP2025-15-Semaine-42-15,1,1,1,1,1,0,0,20250929,20251219
PVS2025-26-15-Semaine-42-15,1,1,1,1,1,0,0,20251020,20251231
SETP2025-15-Semaine-11-15,1,1,1,1,1,0,0,20250908,20250926
chouette:TimeTable:5c735ca0-4ba2-466d-867d-844b64af77e8:LOC,0,1,1,1,1,1,0,20251021,20251231
SETP2025-15-Dimanche-39-15,0,0,0,0,0,0,1,20251005,20251228
chouette:TimeTable:8833d68d-2e15-444d-b57c-3a015858a970:LOC,1,0,0,0,0,0,0,20250908,20251229
PROJET2024-75-Semaine-86-1101100-75,1,1,0,1,1,0,0,20250908,20251219
PROJET2024-75-Semaine-88-75,1,1,1,1,1,0,0,20251020,20251231
SETP2025-L1-Semaine-05-L1,1,1,1,1,1,0,0,20250912,20251226
SETP2025-L1-Semaine-04-L1,1,1,1,1,1,0,0,20250908,20251231
chouette:TimeTable:b50732d3-91a6-4da7-be20-3490a4ed2f9a:LOC,0,1,1,1,1,1,0,20250913,20251227
SETP2025-05-Mercredi-38-05,0,0,1,0,0,0,0,20250910,20251217
PVS2025-26-05-Semaine-37-05,1,1,1,1,1,0,0,20251020,20251231
chouette:TimeTable:d7be52f7-5d67-4659-b803-979820870b63:LOC,0,1,1,1,1,1,0,20250909,20251231
chouette:TimeTable:97ea1fb4-38d8-40a7-b737-f824b25852c3:LOC,0,1,1,0,1,1,0,20250909,20251220
JANV2025-L2-Semaine-09-L2,1,1,1,1,1,0,0,20250908,20251231
chouette:TimeTable:2dea7bad-91b4-4ebb-b680-b45eb905f651:LOC,0,1,1,1,1,1,0,20250913,20251227
SETP2025-05-L-Ma-J-V-38-05,1,1,0,1,1,0,0,20250908,20251219
JANV2025-B-Semaine-10-B,1,1,1,1,1,0,0,20250912,20251226
chouette:TimeTable:bbaeb8ac-9afa-4c03-9a27-a1df998e5309:LOC,0,0,0,1,0,0,0,20250911,20251218
PROJET2025-22-Mercredi-20-22,0,0,1,0,0,0,0,20250910,20251217
chouette:TimeTable:a62b9f85-d5d5-45de-a40f-210b7e2403cf:LOC,1,0,0,0,0,0,0,20250908,20251229
SETP2025-11-Semaine-37-11,1,1,1,1,1,0,0,20250908,20251219
PROJET2025-76-Semaine-90-76,1,1,1,1,1,0,0,20250910,20251217
PVS2025-26-11-Semaine-37-11,1,1,1,1,1,0,0,20251020,20251231
SETP2025-10-Semaine-01-10,1,1,1,1,1,0,0,20250908,20251231
chouette:TimeTable:f445b7db-fb78-4120-9143-0badef297d82:LOC,0,1,1,1,1,1,0,20251021,20251101
chouette:TimeTable:171e7359-ea23-43ec-92af-d18a9400976a:LOC,1,0,0,0,0,0,0,20250908,20251229
chouette:TimeTable:23c4b206-b9ce-4f13-9ca0-f4fe0c3c4224:LOC,0,1,1,1,1,1,0,20250909,20251231
SETP2025-07-L-Ma-J-V-41-07,1,1,0,1,1,0,0,20250908,20251219
chouette:TimeTable:b84c5a3b-e531-448e-b8d5-71e022b63820:LOC,1,1,1,1,1,0,0,20250908,20251219
PVS2025-26-08-Semaine-34-08,1,1,1,1,1,0,0,20251020,20251231
RESEAU2023-44-Semaine-89-44,1,1,1,1,1,0,0,20250908,20251231
chouette:TimeTable:28094bde-8b9b-4d8f-8813-36009787781b:LOC,0,1,1,0,1,1,0,20250909,20250927
RESEAU2023-88-Semaine-84-88,1,1,1,1,1,0,0,20251020,20251231
chouette:TimeTable:02987901-da68-45fb-b2ee-662342f2e22c:LOC,0,1,1,1,1,1,0,20250909,20251220
chouette:TimeTable:e939ef14-1d25-4c3e-a04b-f7e9f7a01f20:LOC,1,0,0,0,0,0,0,20250908,20251229
chouette:TimeTable:4f570898-012f-4818-b372-1e55e2a101e8:LOC,0,1,1,1,1,1,0,20251021,20251231
PVS2025-26-35-Semaine-35-35,1,1,1,1,1,0,0,20251020,20251231
PVS2025-26-07-Semaine-34-07,1,1,1,1,1,0,0,20251020,20251231
PROJET2025-22-Semaine-21-22,1,1,1,1,1,0,0,20251020,20251226
SETP2025-07-Mercredi-41-07,0,0,1,0,0,0,0,20250910,20251217
chouette:TimeTable:2f8619f7-2bf5-45f0-90d1-51c5b292cf21:LOC,1,0,0,0,0,0,0,20250908,20251229
chouette:TimeTable:bc152c1a-90df-4b6f-80ca-f5f34874eee1:LOC,0,1,1,1,1,1,0,20251021,20251231
chouette:TimeTable:ce2cca1b-1310-448c-b8cb-998c5f871db2:LOC,0,0,0,1,0,0,0,20250911,20251218
chouette:TimeTable:0babe091-4430-4c94-8704-ef891d68656c:LOC,0,1,1,0,1,1,0,20250909,20251220
PROJET2025-42-Semaine-83-42,1,1,1,1,1,0,0,20250908,20251231
PROJET2025-22-Semaine-20-22,1,1,1,1,1,0,0,20250908,20251219
PVS2025-26-70-Semaine-35-70,1,1,1,1,1,0,0,20251020,20251231
SETP2025-17-Mercredi-35-17,0,0,1,0,0,0,0,20250910,20251217
SETP2025-17-L-Ma-J-V-35-17,1,1,0,1,1,0,0,20250908,20251219
PVS2025-26-17-L-Ma-J-V-35-17,1,1,0,1,1,0,0,20251020,20251231
PVS2025-26-18-Semaine-39-18,1,1,1,1,1,0,0,20251020,20251231
SETP2025-18-Semaine-39-18,1,1,1,1,1,0,0,20250908,20251219
PROJET2024-63-Dimanche-61-63,0,0,0,0,0,0,1,20251005,20251228
JANV2025-B-Semaine-03-B,1,1,1,1,1,0,0,20250908,20251231
chouette:TimeTable:12a7120a-9bbd-4e62-a1e7-15b16f5b4e77:LOC,0,1,1,1,1,1,0,20250913,20251227
chouette:TimeTable:69f9a119-0e90-4624-b47a-0cb5bcd7045b:LOC,1,0,0,0,0,0,0,20250908,20251229
PROJET2025-76-Semaine-91-76,1,1,1,1,1,0,0,20251020,20251231
chouette:TimeTable:7764966d-6bba-44dc-925a-2994746a8547:LOC,0,1,1,1,1,1,0,20250909,20251231
PROJET2025-84-Semaine-04-84,1,1,1,1,1,0,0,20250908,20251231
chouette:TimeTable:c9a069f6-d701-416b-9346-90536cc6d68a:LOC,0,0,0,1,0,0,0,20250911,20250925
SETP2025-36-Semaine-33-36,1,1,1,1,1,0,0,20250908,20251219
PVS2025-26-36-Semaine-34-36,1,1,1,1,1,0,0,20251020,20251231
SETP2025-70-Semaine-35-70,1,1,1,1,1,0,0,20250908,20251219
RESEAU2023-82-Samedi-81-82,0,0,0,0,0,1,0,20251004,20251227
PROJET2024-82-Semaine-93-82,1,1,1,1,1,0,0,20250908,20250926
PVS2025-26-33-L-Ma-J-V-36-33,1,1,0,1,1,0,0,20251020,20251231
RESEAU2023-82-Semaine-81-82,1,1,1,1,1,0,0,20250929,20251231
PROJET2025-76-Semaine-89-76,1,1,1,1,1,0,0,20250908,20251219
PROJET2025-63-Mercredi-73-63,0,0,1,0,0,0,0,20250910,20250924
PROJET2024-63-Mercredi-66-63,0,0,1,0,0,0,0,20251001,20251217
PROJET2024-63-Semaine-65-1101100-63,1,1,0,1,1,0,0,20250929,20251219
PROJET2025-63-Semaine-72-1101100-63,1,1,0,1,1,0,0,20250908,20250926
PROJET2024-63-Semaine-67-63,1,1,1,1,1,0,0,20251020,20251231
PROJET2024-63-Samedi-61-63,0,0,0,0,0,1,0,20251004,20251227
chouette:TimeTable:73e3003c-9efa-49f6-95c7-8b7aaa6a2ee5:LOC,1,0,0,0,0,0,0,20250908,20250929
SETP2025-35-Semaine-35-35,1,1,1,1,1,0,0,20250908,20251219
SETP2025-14-L-Ma-J-V-38-14,1,1,0,1,1,0,0,20250908,20251219
SETP2025-14-Mercredi-38-14,0,0,1,0,0,0,0,20250910,20251217
chouette:TimeTable:4eef0a33-ead6-4ec1-a786-7307d2407ba0:LOC,1,1,1,1,1,0,0,20250908,20251231
chouette:TimeTable:effa713c-d57c-4cd6-96e1-8deacd3dbe45:LOC,1,0,0,0,0,0,0,20250908,20251229
chouette:TimeTable:9de839b6-0e65-4944-90bf-61ca93e266d7:LOC,0,1,1,1,1,1,0,20250909,20251231
SETP2025-64-Semaine-37-64,1,1,1,1,1,0,0,20250908,20251219
SETP2025-12-Semaine-03-12,1,1,1,1,1,0,0,20250908,20251017
SETP2025-57-Semaine-06-57,1,1,1,1,1,0,0,20250908,20251219
chouette:TimeTable:bcca940f-f598-4bdf-9d85-d23803195c22:LOC,0,1,1,1,1,1,0,20250909,20251220
PROJET2024-NVence1-Semaine-15-NVN1,1,1,1,1,1,0,0,20250908,20251231
chouette:TimeTable:18c0b020-97da-4b77-a587-d2252dd2a1f5:LOC,1,0,0,0,0,0,0,20250908,20251229
chouette:TimeTable:99921e6b-55db-4dcc-8168-39481ecabc1a:LOC,0,1,1,1,1,1,0,20251021,20251231
SETP2025-33-Mercredi-36-33,0,0,1,0,0,0,0,20250910,20251217
SETP2025-33-L-Ma-J-V-36-33,1,1,0,1,1,0,0,20250908,20251219
JANV2025-L3-Semaine-09-L3,1,1,1,1,1,0,0,20250908,20251231
JANV2025-L3-Semaine-10-L3,1,1,1,1,1,0,0,20250912,20251226
chouette:TimeTable:1dc3d5e4-5e80-46ac-a538-97f742a8b298:LOC,0,1,1,1,1,1,0,20250913,20251227
PROJET2024-88-Mercredi-85-88,0,0,1,0,0,0,0,20250910,20251217
PROJET2024-72-Semaine-74-72,1,1,1,1,1,0,0,20250908,20251231
RESEAU2023-88-Semaine-83-1101100-88,1,1,0,1,1,0,0,20250908,20251219
chouette:TimeTable:4a9e7a0f-fecd-489e-85d6-49bcfacf2f7d:LOC,1,0,0,0,0,0,0,20250908,20251019
RESEAU2023-62-Semaine-17-62,1,1,1,1,1,0,0,20250908,20251231
SETP2025-20-Semaine-42-20,1,1,1,1,1,0,0,20250908,20251231
chouette:TimeTable:d167fd3e-a41e-4676-9d97-1e5b54fa1304:LOC,0,1,1,1,1,1,0,20250909,20251231
chouette:TimeTable:d9f9c4bb-34d8-4750-87c6-43c74dd7d581:LOC,1,0,0,0,0,0,0,20250908,20251229
PROJET2025-50-Semaine-08-50,1,1,1,1,1,0,0,20250908,20251219
PROJET2025-50-Semaine-07-50,1,1,1,1,1,0,0,20251020,20251231
PVS2025-26-32-Semaine-34-32,1,1,1,1,1,0,0,20251020,20251231
PROJET2023-69-Semaine-15-69,1,1,1,1,1,0,0,20250908,20251231
PVS2025-26-37-Semaine-38-37,1,1,1,1,1,0,0,20251020,20251231
PROJET2025-71-Semaine-80-71,1,1,1,1,1,0,0,20250908,20251231
SETP2025-37-Semaine-37-37,1,1,1,1,1,0,0,20250908,20251219
PROJET2025-743-Vendredi-05-743,0,0,0,0,1,0,0,20250912,20251219
PROJET2025-19-Mercredi-21-19,0,0,1,0,0,0,0,20250910,20251217
PROJET2025-43-Mercredi-14-43,0,0,1,0,0,0,0,20250910,20251217
PROJET2025-NVence3-Semaine-12-NVN3,1,1,1,1,1,0,0,20250908,20251231
PROJET2025-19-Semaine-20-19,1,1,1,1,1,0,0,20250908,20251219
PROJET2025-43-Semaine-15-0000100-43,0,0,0,0,1,0,0,20250912,20251219
PROJET2025-94-Semaine-07-94,1,1,1,1,1,0,0,20250909,20251028
PROJET2025-19-Semaine-20-1101100-19,1,1,0,1,1,0,0,20250908,20251219
SETP2025-21-Semaine-40-21,1,1,1,1,1,0,0,20250908,20251231
PROJET2025-59-Semaine-26-59,1,1,1,1,1,0,0,20250908,20251231
chouette:TimeTable:997d3cf7-a4b9-4838-b2a2-3e8c444b4c09:LOC,1,0,0,0,0,0,0,20250908,20251019
RESEAU2023-V-L-Ma-J-V-06-V,1,1,0,1,1,0,0,20250908,20251219
RESEAU2023-V-Mercredi-06-V,0,0,1,0,0,0,0,20250910,20251217
PROJET2025-742-Vendredi-03-742,0,0,0,0,1,0,0,20250912,20251219
SETP2025-30-Semaine-32-30,1,1,1,1,1,0,0,20250908,20251231
PROJET2025-43-Semaine-14-1101000-43,1,1,0,1,0,0,0,20250908,20251218
PVS2025-26-16-Semaine-35-16,1,1,1,1,1,0,0,20251020,20251231
SETP2025-16-Semaine-35-16,1,1,1,1,1,0,0,20250908,20251219
PROJET2025-73-Dimanche-20-73,0,0,0,0,0,0,1,20251005,20251228
PROJET2025-73-Samedi-20-73,0,0,0,0,0,1,0,20251004,20251227
PROJET2025-73-Semaine-20-73,1,1,1,1,1,0,0,20251001,20251231
PROJET2025-73-Semaine-16-73,1,1,1,1,1,0,0,20250908,20250930
PROJET2025-51-Semaine-13-51,1,1,1,1,1,0,0,20251020,20251231
PROJET2025-83-Samedi-04-83,0,0,0,0,0,1,0,20251004,20251227
PROJET2025-91-Semaine-28-91,1,1,1,1,1,0,0,20250909,20251231
PROJET2025-91-Semaine-27-91,1,1,1,1,1,0,0,20250908,20251215
PROJET2025-09-Semaine-35-09,1,1,1,1,1,0,0,20250908,20251231
SETP2025-81-Semaine-40-81,1,1,1,1,1,0,0,20250908,20251219
PVS2025-26-81-Semaine-37-81,1,1,1,1,1,0,0,20251020,20251231
PROJET2025-90-Semaine-21-90,1,1,1,1,1,0,0,20250908,20251231
PROJET2025-51-Semaine-10-51,1,1,1,1,1,0,0,20250908,20251219
PROJET2025-61-Semaine-24-61,1,1,1,1,1,0,0,20250908,20251219
SETP2025-32-Semaine-34-32,1,1,1,1,1,0,0,20250908,20251219
PROJET2025-83-Dimanche-04-83,0,0,0,0,0,0,1,20251005,20251228
PROJET2025-83-Semaine-04-83,1,1,1,1,1,0,0,20250929,20251231
RESEAU2023-83-Semaine-03-83,1,1,1,1,1,0,0,20250908,20250926
PROJET2025-60-Semaine-08-60,1,1,1,1,1,0,0,20250908,20251231
PROJET2025-58-Semaine-06-58,1,1,1,1,1,0,0,20250908,20251231
PROJET2025-34-L-Ma-J-V-20-34,1,1,0,1,1,0,0,20250908,20251219
PROJET2025-34-Semaine-20-1101100-34,1,1,0,1,1,0,0,20251020,20251231
PROJET2025-34-Mercredi-20-34,0,0,1,0,0,0,0,20250910,20251217
PROJET2025-85-Semaine-06-1101100-85,1,1,0,1,1,0,0,20250908,20251219
PROJET2025-85-Mercredi-06-85,0,0,1,0,0,0,0,20250910,20251217
PROJET2025-52-Semaine-20-52,1,1,1,1,1,0,0,20250908,20251231
PROJET2024-68-Semaine-15-68,1,1,1,1,1,0,0,20250908,20251231
RESEAU2021-C36-Semaine-03-1000000-C36,1,0,0,0,0,0,0,20250908,20251231
SETP2025-99-Semaine-11-99,1,1,1,1,1,0,0,20250908,20251231
PROJET2025-743-Lundi-07-743,1,0,0,0,0,0,0,20250908,20251215
SETP2025-38-Semaine-41-38,1,1,1,1,1,0,0,20250908,20251231
RESEAU2023-40-Semaine-04-40,1,1,1,1,1,0,0,20250908,20251231
RESEAU2023-80-Semaine-94-80,1,1,1,1,1,0,0,20250908,20251219
RESEAU2023-80-Semaine-96-80,1,1,1,1,1,0,0,20251020,20251231
RESEAU2023-93-Semaine-02-1011100-93,1,0,1,1,1,0,0,20250908,20251128
SETP2025-98-Semaine-08-98,1,1,1,1,1,0,0,20250908,20251231
PROJET2025-LIsola-Semaine-14-LIso,1,1,1,1,1,0,0,20250908,20250912
PROJET2025-94-Semaine-08-1011100-94,1,0,1,1,1,0,0,20250908,20251031
PROJET2023-89-Semaine-04-89,1,1,1,1,1,0,0,20250908,20251231
RESEAU2021-C34-Semaine-02-0000100-C34,0,0,0,0,1,0,0,20250912,20251226
PROJET2024-NVence2-Semaine-12-NVN2,1,1,1,1,1,0,0,20250908,20251231
PROJET2023-Nav MAEG-Semaine-02-0111100-NVMA,0,1,1,1,1,0,0,20250909,20250926
PROJET2025-55-Semaine-08-55,1,1,1,1,1,0,0,20250908,20251231
RESEAU2022-39-Mercredi-01-39,0,0,1,0,0,0,0,20250910,20251217
SETP2025-CE-Semaine-32-CE,1,1,1,1,1,0,0,20250908,20251231
RESEAU2022-39-Mar-Ven-04-0101100-39,0,1,0,1,1,0,0,20250909,20251219
PROJET2025-R-Semaine-20-0000100-R,0,0,0,0,1,0,0,20250912,20251219
PROJET2025-R-Mercredi-18-R,0,0,1,0,0,0,0,20250910,20251217
PROJET2025-R-Semaine-19-1101000-R,1,1,0,1,0,0,0,20250908,20251218
PROJET2025-86-Mercredi-07-86,0,0,1,0,0,0,0,20250910,20251217
PROJET2025-86-Semaine-07-1101100-86,1,1,0,1,1,0,0,20250908,20251219
PROJET2024-Exp2-Semaine-14-Exp2,1,1,1,1,1,0,0,20250908,20251231
RESEAU2023-C-L-Ma-J-V-04-C,1,1,0,1,1,0,0,20250908,20251219
RESEAU2023-C-Mercredi-04-C,0,0,1,0,0,0,0,20250910,20251217
PROJET2025-Exp4-Semaine-04-Exp4,1,1,1,1,1,0,0,20250908,20251231
PROJET2025-67-Mercredi-08-67,0,0,1,0,0,0,0,20250910,20251217
PROJET2025-67-Semaine-08-1101100-67,1,1,0,1,1,0,0,20250908,20251219
PROJET2025-VESU-Samedi-02-VESU,0,0,0,0,0,1,0,20250908,20250920
PROJET2025-77-Mercredi-05-77,0,0,1,0,0,0,0,20250910,20251217
PROJET2025-77-Semaine-05-1101100-77,1,1,0,1,1,0,0,20250908,20251219
RESEAU2021-C45-Semaine-03-0100000-C45,0,1,0,0,0,0,0,20250909,20251230
PROJET2024-C42-Semaine-03-C42,1,1,1,1,1,0,0,20250908,20251231
RESEAU2021-C32-Lun-Sam-03-C32,1,1,1,1,1,1,0,20250908,20251231
PROJET2025-49-Semaine-08-49,1,1,1,1,1,0,0,20250908,20251231
RESEAU2023-CN-Semaine-07-CN,1,1,1,1,1,0,0,20250908,20251231
PROJET2025-741-Lundi-05-741,1,0,0,0,0,0,0,20250908,20251215
PROJET2025-741-Vendredi-03-741,0,0,0,0,1,0,0,20250912,20251219
PROJET2025-FOOT-Semaine-03-FOOT,1,1,1,1,1,0,0,20250908,20251231
PROJET2024-75D-Semaine-08-75D,1,1,1,1,1,0,0,20250908,20251219
RESEAU2022-745-Lundi-02-745,1,0,0,0,0,0,0,20250908,20251215
RESEAU2021-C41-Semaine-02-0100000-C41,0,1,0,0,0,0,0,20250909,20251230
PROJET2025-92-Semaine-22-92,1,1,1,1,1,0,0,20250908,20251128
RESEAU2021-K-Mercredi-01-K,0,0,1,0,0,0,0,20250910,20251217
chouette:TimeTable:c1c19583-4cbf-47cf-8817-4c98cd78f2c9:LOC,0,0,0,0,0,1,0,20250908,20251018
PROJET2025-FOOT-Samedi-03-FOOT,0,0,0,0,0,1,0,20250908,20251227
RESEAU2021-Exp3-Semaine-01-Exp3,1,1,1,1,1,0,0,20250908,20251231
RESEAU2021-C43-Semaine-02-1000000-C43,1,0,0,0,0,0,0,20250908,20251230
PROJET2025-744-Vendredi-08-744,0,0,0,0,1,0,0,20250912,20251219
PROJET2025-744-Lundi-07-744,1,0,0,0,0,0,0,20250908,20251215
PROJET2025-742-Lundi-06-742,1,0,0,0,0,0,0,20250908,20251215
chouette:TimeTable:8d75a78d-a550-4a53-a15e-debe8f6d5d48:LOC,0,1,1,1,1,1,0,20250908,20251018
chouette:TimeTable:e2a5924c-4158-4fc5-a97f-02e27442f154:LOC,0,0,0,0,0,0,1,20250908,20251228
SETP2025-08-Dimanche-04-08,0,0,0,0,0,0,1,20250908,20251019
SETP2025-12-Dimanche-06-12,0,0,0,0,0,0,1,20250908,20251019
SETP2025-06-Dimanche-01-06,0,0,0,0,0,0,1,20250908,20251228
chouette:TimeTable:140fe7d8-6b79-4913-8a9f-f8a5a22cc7ec:LOC,0,0,0,0,0,0,1,20250908,20251228
PROJET2025-54-Dimanche-12-54,0,0,0,0,0,0,1,20250908,20251228
SETP2025-15-Dimanche-11-15,0,0,0,0,0,0,1,20250908,20250928
RESEAU2023-75-Dimanche-69-75,0,0,0,0,0,0,1,20250908,20251228
SETP2025-L1-Dimanche-58-L1,0,0,0,0,0,0,1,20250908,20251228
chouette:TimeTable:e75de26f-a158-4930-808a-fe23c09fa483:LOC,0,0,0,0,0,0,1,20250908,20251228
JANV2025-L2-Dimanche-04-L2,0,0,0,0,0,0,1,20250908,20251228
chouette:TimeTable:721d9cb9-8df1-4e78-9b13-5a7d3f6fc3bd:LOC,0,0,0,0,0,0,1,20250908,20251228
SETP2025-05-Dimanche-34-05,0,0,0,0,0,0,1,20250908,20251228
PROJET2025-63-Dimanche-62-63,0,0,0,0,0,0,1,20250908,20250928
SETP2025-11-Dimanche-39-11,0,0,0,0,0,0,1,20250908,20251228
SETP2025-10-Dimanche-01-10,0,0,0,0,0,0,1,20250908,20251228
chouette:TimeTable:c1ed1d91-fd9d-4f30-8ae4-4e8a130a70b8:LOC,0,0,0,0,0,0,1,20250908,20251228
chouette:TimeTable:c57412ea-c984-4d34-a261-edb74af5180d:LOC,0,0,0,0,0,0,1,20250908,20251228
chouette:TimeTable:f15e4483-5a48-45fd-8f12-1b75e4d7645d:LOC,0,0,0,0,0,0,1,20250908,20251228
SETP2025-07-Dimanche-37-07,0,0,0,0,0,0,1,20250908,20251228
chouette:TimeTable:f0d0a22b-b9fc-44b2-880f-3c062242a078:LOC,0,0,0,0,0,0,1,20250908,20251228
RESEAU2023-44-Dimanche-89-44,0,0,0,0,0,0,1,20250908,20251228
chouette:TimeTable:adc3b9af-f1be-44df-9dbc-8a38713bda7e:LOC,0,0,0,0,0,0,1,20250908,20250914
PROJET2025-22-Dimanche-20-22,0,0,0,0,0,0,1,20250908,20251228
SETP2025-17-Dimanche-36-17,0,0,0,0,0,0,1,20250908,20251228
SETP2025-18-Dimanche-42-18,0,0,0,0,0,0,1,20250908,20251228
JANV2025-B-Dimanche-04-B,0,0,0,0,0,0,1,20250908,20251228
chouette:TimeTable:19e1c06b-d207-44e5-be13-ab2f09459fc9:LOC,0,0,0,0,0,0,1,20250908,20251228
PROJET2025-84-Dimanche-04-84,0,0,0,0,0,0,1,20250908,20251026
RESEAU2023-76-Dimanche-67-76,0,0,0,0,0,0,1,20250908,20251228
SETP2025-35-Dimanche-34-35,0,0,0,0,0,0,1,20250908,20251228
SETP2025-70-Dimanche-34-70,0,0,0,0,0,0,1,20250908,20251228
RESEAU2023-82-Dimanche-85-82,0,0,0,0,0,0,1,20250908,20251228
SETP2025-14-Dimanche-36-14,0,0,0,0,0,0,1,20250908,20251228
chouette:TimeTable:8e571d8e-bc05-41b2-93a8-a0ddef899d87:LOC,0,0,0,0,0,0,1,20250908,20251228
chouette:TimeTable:cd2211e6-c0dc-4927-81a0-cd879973ee9f:LOC,0,0,0,0,0,0,1,20250908,20251228
SETP2025-64-Dimanche-35-64,0,0,0,0,0,0,1,20250908,20251228
SETP2025-57-Dimanche-06-57,0,0,0,0,0,0,1,20250908,20251228
chouette:TimeTable:432c3e07-8a2b-4778-b4cf-35727773c352:LOC,0,0,0,0,0,0,1,20250908,20251228
SETP2025-33-Dimanche-33-33,0,0,0,0,0,0,1,20250908,20251228
JANV2025-L3-Dimanche-04-L3,0,0,0,0,0,0,1,20250908,20251228
chouette:TimeTable:5425b38d-635a-4c8c-b2d4-5454afac836c:LOC,0,0,0,0,0,0,1,20250908,20251228
PROJET2025-50-Dimanche-08-50,0,0,0,0,0,0,1,20250908,20251228
RESEAU2023-88-Dimanche-77-88,0,0,0,0,0,0,1,20250908,20251228
PROJET2024-72-Dimanche-74-72,0,0,0,0,0,0,1,20250908,20251228
RESEAU2023-62-Dimanche-10-62,0,0,0,0,0,0,1,20250908,20251228
SETP2025-20-Dimanche-40-20,0,0,0,0,0,0,1,20250908,20251228
PROJET2025-19-Dimanche-20-19,0,0,0,0,0,0,1,20250908,20251228
SETP2025-21-Dimanche-37-21,0,0,0,0,0,0,1,20250908,20251228
PROJET2025-59-Dimanche-60-59,0,0,0,0,0,0,1,20250908,20251228
SETP2025-30-Dimanche-32-30,0,0,0,0,0,0,1,20250908,20251228
SETP2025-16-Dimanche-33-16,0,0,0,0,0,0,1,20250908,20251228
PROJET2025-73-Dimanche-16-73,0,0,0,0,0,0,1,20250908,20250928
PROJET2025-91-Dimanche-27-91,0,0,0,0,0,0,1,20250908,20251228
PROJET2025-09-Dimanche-15-09,0,0,0,0,0,0,1,20250908,20251228
SETP2025-81-Dimanche-36-81,0,0,0,0,0,0,1,20250908,20251228
PROJET2025-51-Dimanche-10-51,0,0,0,0,0,0,1,20250908,20251228
PROJET2025-61-Dimanche-22-61,0,0,0,0,0,0,1,20250908,20251228
PROJET2025-71-Dimanche-76-71,0,0,0,0,0,0,1,20250908,20251228
SETP2025-32-Dimanche-34-32,0,0,0,0,0,0,1,20250908,20251228
RESEAU2023-83-Dimanche-03-83,0,0,0,0,0,0,1,20250908,20250928
PROJET2025-60-Dimanche-07-60,0,0,0,0,0,0,1,20250908,20251228
SETP2025-99-Dimanche-11-99,0,0,0,0,0,0,1,20250908,20251228
PROJET2025-90-Dimanche-21-90,0,0,0,0,0,0,1,20250908,20251228
PROJET2025-NVGOR-Dimanche-02-NGOR,0,0,0,0,0,0,1,20250908,20250921
SETP2025-38-Dimanche-39-38,0,0,0,0,0,0,1,20250908,20251228
RESEAU2023-80-Dimanche-03-80,0,0,0,0,0,0,1,20250908,20251228
SETP2025-98-Dimanche-06-98,0,0,0,0,0,0,1,20250908,20251228
PROJET2025-LIsola-Dimanche-14-LIso,0,0,0,0,0,0,1,20250908,20250914
RESEAU2021-C34-Dimanche-02-C34,0,0,0,0,0,0,1,20250908,20251228
PROJET2024-55-Dimanche-05-55,0,0,0,0,0,0,1,20250908,20251228
PROJET2025-NVBOR-Dimanche-01-NBOR,0,0,0,0,0,0,1,20250908,20250921
PROJET2025-VESU-Dimanche-02-VESU,0,0,0,0,0,0,1,20250908,20250921
RESEAU2021-C32-Week-end-02-C32,0,0,0,0,0,1,1,20250908,20251228
PROJET2025-FOOT-Dimanche-03-FOOT,0,0,0,0,0,0,1,20250908,20251228
